0.0105671
0.0119948
0.0144908
0.0175105
0.0206666
0.0236488
0.0271096
0.0299383
0.0336355
0.0368536
0.0434238
0.0451724
0.0495479
0.0531404
0.0557921
0.0571328
0.057342
0.0568673
0.0557335
0.0540086
0.0525608
0.0510406
0.0512283
0.0529782
0.0552733
0.0578047
0.0605316
0.062644
0.0646304
0.0663863
0.0676351
0.0692629
0.069606
0.071683
0.0731152
0.0761736
0.0796948
0.0842623
0.0888915
0.0937097
0.100152
0.107168
0.113719
0.119463
0.126266
0.13176
0.137801
0.142792
0.14807
0.15289
0.157367
0.161072
0.165256
0.170152
0.175638
0.181634
0.18724
0.195683
0.201791
0.20764
0.215548
0.224565
0.238104
0.281898
0.311012
0.336033
0.360189
0.384036
0.403444
10.0
2.13044
2.1055
2.09858
2.08742
2.07952
2.07483
2.07425
2.07828
2.07068
2.12815
2.10334
2.07729
2.04669
2.02503
1.97275
1.92649
1.88795
1.84538
1.81464
1.78553
1.75883
1.73495
1.71127
1.68532
1.66297
1.63595
1.60156
1.57142
1.52276
1.47667
1.42858
1.38553
1.3394
1.30325
1.2708
1.24333
1.21488
1.18394
1.15227
1.10451
1.05664
1.00911
0.952092
0.910338
0.821099
0.773054
0.737602
0.69329
0.65589
0.622212
0.591689
0.561431
0.542112
0.519653
0.49977
0.493829
0.484436
0.478765
0.477563
0.47909
0.481801
0.484079
0.485393
0.485568
0.4854
0.485738
0.486408
0.48858
0.489523
0.489423
0.487743
0.484832
0.482244
0.480992
0.479818
0.478208
0.477838
0.479996
0.485447
0.493451
0.501045
0.511212
0.517987
0.522531
0.525166
0.527032
0.528099
0.528409
0.526856
0.523212
0.51395
0.505022
0.492413
0.481932
0.472698
0.467504
0.464994
0.464936
0.465388
10.0
4.72629
4.68495
4.64446
4.61898
4.5925
4.52843
4.52742
4.52517
4.50977
4.48538
4.47673
4.47601
4.47368
4.4716
4.44819
4.18775
4.16713
4.16613
4.15877
4.15438
4.15683
4.16569
4.18162
4.20432
4.18766
4.17013
4.15156
4.114
4.11317
4.10368
4.08773
4.07753
4.07191
4.06285
4.05124
4.03911
4.02174
3.95066
3.94545
3.90828
3.87117
3.84078
3.79977
3.76027
3.70098
3.65804
3.64517
3.5213
3.51875
3.47653
3.44105
3.3934
3.36185
3.32072
3.26084
3.2046
3.14467
3.09721
2.98945
2.98673
2.95608
2.9194
2.88955
2.86112
2.83403
2.8148
2.79633
2.78044
2.76601
2.72028
2.7177
2.7011
2.68524
2.6694
2.64915
2.63039
2.61089
2.5927
2.58173
2.57936
2.60483
2.60593
2.61564
2.63328
2.6467
2.66254
2.67646
2.675
2.66749
2.6556
2.65687
2.65576
2.63192
2.60277
2.57407
2.53072
2.48865
2.42472
2.30573
2.24513
2.11425
2.10833
2.05532
1.97625
1.90129
1.84092
1.76271
1.676
1.58922
1.49214
1.41334
1.2304
1.22547
1.15921
1.12992
1.08553
1.04374
1.0023
0.974369
0.948316
0.935364
0.915339
0.910025
0.898313
0.885855
0.879041
0.883081
0.897072
0.914123
0.936084
0.958607
1.01639
1.02805
1.04655
1.06486
1.07784
1.08946
1.09353
1.09089
1.07977
1.06805
1.0305
1.02887
1.0045
0.975213
0.951511
10.0
2.23448
2.22318
2.20795
2.19147
2.18283
2.1781
2.17884
2.17958
2.18887
2.20132
2.21682
2.23759
2.25753
2.25282
2.15009
2.1891
2.09897
2.09484
2.03286
1.94838
1.87343
1.79245
1.712
1.64926
1.59194
1.53164
1.47398
1.40246
1.35121
1.30282
1.23416
1.19099
1.14276
1.10171
1.06023
1.03166
1.00367
0.977363
0.933865
0.932379
0.917075
0.898174
0.891591
0.893692
0.897929
0.905749
0.91619
0.935474
0.991783
1.01904
1.05285
1.08401
1.11259
1.14482
1.1691
1.19004
1.19974
1.19963
1.17917
1.17666
1.16577
1.15897
1.15139
1.14275
1.13255
1.12103
1.11033
1.10059
1.09314
1.08467
1.08446
1.08435
1.08689
1.09
1.09386
1.09804
1.09954
1.1008
1.10156
1.10886
1.11278
1.12587
1.14681
1.17185
1.19571
1.21915
1.23639
1.25286
1.26375
1.28866
1.29866
1.31111
1.32432
1.33631
1.34565
1.35089
1.35405
1.35664
10.0
2.2751
2.2731
2.27115
2.26791
2.26314
2.26142
2.26709
2.28275
2.29977
2.30263
2.31231
2.32972
2.35031
2.39485
2.43963
2.52702
2.49817
2.46783
2.41889
2.37277
2.30122
2.15473
2.06555
1.95843
1.88928
1.80921
1.75023
1.69142
1.63038
1.57838
1.53471
1.44104
1.43237
1.37438
1.32392
1.2814
1.23153
1.1798
1.12988
1.08412
1.03313
0.993501
0.881514
0.879396
0.856558
0.818261
0.786967
0.760593
0.738077
0.71964
0.707798
0.702176
0.70317
0.713977
0.718112
0.727309
0.738252
0.752732
0.768602
0.784664
0.797638
0.810206
0.82432
0.835194
0.870504
0.878786
0.89188
0.912643
0.931009
0.952445
0.973568
0.993937
1.0036
1.00962
1.01658
1.02033
1.02827
1.03742
1.0543
1.08145
1.11366
1.16853
1.23906
1.3107
1.37984
1.44645
1.51879
1.58116
1.60984
1.63363
1.65306
1.66721
1.6775
1.68434
1.68981
1.68338
1.67242
1.65768
1.64108
1.62482
1.60971
1.59731
1.58804
1.58044
1.57871
1.58229
1.60634
1.61445
1.62463
1.62874
1.6176
1.59822
1.5523
1.49678
1.43501
1.36575
1.2779
1.2763
1.24687
1.2233
1.2227
1.24237
1.26104
1.27356
1.27586
1.27062
1.25798
1.23553
1.22088
1.19991
1.17444
1.15287
1.11743
1.07387
1.0179
0.95171
0.890322
0.8442
0.814948
0.810798
0.816843
0.832771
0.84822
0.871373
0.899221
0.932316
0.961854
0.990751
1.01837
1.04288
1.06294
1.0773
1.08511
1.09226
1.08588
1.07273
1.05179
1.02782
0.99698
0.919192
0.8943
0.879715
0.888043
0.891872
0.917655
0.947252
0.982716
1.00636
1.06532
