0.0100506
0.0107942
0.01355
0.0198775
0.0253908
0.0319038
0.0367686
0.042995
0.0468555
0.0507143
0.0581381
0.0589436
0.0631824
0.0668229
0.0707101
0.0727178
0.0735031
0.0753296
0.0792547
0.082997
0.0887433
0.0982525
0.100497
0.105479
0.110194
0.113931
0.117498
0.120377
0.125544
0.127927
0.131714
0.148146
0.150472
0.157865
0.161728
0.166609
0.170567
0.173102
0.175104
0.176336
0.176569
0.174563
0.174189
0.170142
0.166888
0.167469
0.179706
0.179439
0.180296
0.181379
0.182826
0.188769
0.187909
0.187885
0.198735
0.196877
0.194973
0.194005
0.194346
0.195862
0.197911
0.199796
10.0
1.99254
1.9584
1.92942
1.90574
1.88689
1.87055
1.7994
1.7895
1.77816
1.75814
1.71335
1.64931
1.59368
1.54401
1.49682
1.45346
1.3589
1.35469
1.32611
1.2961
1.25809
1.21217
1.18503
1.15306
1.12323
1.09105
1.02045
1.01802
1.01095
0.979849
0.956909
0.930631
0.90394
0.877656
0.853653
0.834054
0.816083
0.776441
0.777092
0.770268
0.764278
0.758819
0.752587
0.746168
0.739384
0.732568
0.696365
0.63861
0.630711
0.61458
0.601145
0.583135
0.568925
0.555046
0.541201
0.525904
0.488888
0.489841
0.484124
0.480196
0.477928
0.476841
0.476483
0.476086
0.476118
10.0
3.41622
3.35848
3.31738
3.25949
3.19534
3.12507
3.06199
2.79485
2.79472
2.78252
2.84373
2.76715
2.68904
2.60979
2.44334
2.40981
2.39862
2.20357
2.13109
2.05862
1.98019
1.88605
1.79589
1.70515
1.60203
1.16267
1.15147
1.08998
1.0158
0.962009
0.901565
0.859945
0.980876
0.979325
1.00793
1.02507
1.04026
0.938913
0.933826
0.92866
0.925038
0.717383
0.645687
0.424016
0.421183
0.411155
0.403294
0.396093
0.38725
0.379773
0.403798
0.405385
0.427667
0.449238
0.460506
0.454461
0.428565
0.4058
0.375388
0.375126
0.375033
0.382118
0.380938
0.373992
0.36125
0.346061
0.377581
0.380634
0.415129
0.446515
0.467679
0.47349
0.471306
0.46604
0.495137
0.49692
0.515167
0.525914
0.525788
0.515131
0.501284
0.489698
0.543452
0.545866
0.564339
0.575409
0.570606
0.556849
0.53237
0.504118
0.426132
0.42049
0.415249
0.407598
0.403957
0.407394
0.569139
0.524443
0.470785
10.0
2.15172
2.14829
2.1451
2.14394
2.14515
2.14503
2.1396
2.12013
2.06567
2.01865
1.93369
1.82704
1.21747
1.20834
1.09513
0.988558
0.88169
0.800397
0.719246
0.645804
0.587374
0.485003
0.484109
0.476137
0.470382
0.461183
0.449905
0.435784
0.422768
0.415553
0.433644
0.435838
0.449779
0.460762
0.468305
0.470357
0.467866
0.459855
0.449546
0.437223
0.438747
0.445423
0.448033
0.443372
0.431999
0.419524
0.40743
0.387092
0.387045
0.388187
0.389443
0.388684
0.381518
0.37361
0.362411
0.354047
0.365322
0.365958
0.373857
0.377111
0.373303
0.362664
0.350692
0.339152
0.332594
10.0
1.66641
1.6628
1.66103
1.65983
1.65909
1.65145
1.63398
1.60472
1.50495
1.50133
1.42996
1.35693
1.28744
1.2059
1.1261
1.05117
0.983472
0.918305
0.858552
0.738474
0.736118
0.72115
0.684529
0.649008
0.609267
0.580442
0.555649
0.533455
0.512074
0.42766
0.425714
0.392209
0.360595
0.344952
0.343698
0.350371
0.361224
0.376433
0.391249
0.409319
0.409475
0.411197
0.417331
0.424962
0.433057
0.436178
0.426993
0.416845
0.398211
0.385146
0.339625
0.334045
0.329979
0.32887
0.322762
0.31424
0.314776
0.383314
0.385973
0.427165
0.458299
0.479888
0.472111
0.450747
0.414596
0.375092
0.340804
0.328808
0.329458
0.331903
0.346168
0.354311
0.359155
0.361028
0.362864
0.365328
0.366987
0.366731
0.334102
0.324571
0.311966
0.305143
0.301049
0.300399
0.298481
0.298706
0.30535
0.311112
0.313019
0.324533
0.321233
0.321894
0.328702
0.335673
0.340567
0.341659
0.341114
0.3414
0.33659
0.32895
0.359553
0.35558
0.361704
0.367395
0.36405
0.363203
0.367724
0.37775
0.3886
0.415683
0.432803
